
--- Term 0 ---
Support (clique): [np.int64(1), np.int64(2)]
PSD term S_i:
[[0.         0.         0.         0.         0.         0.
  0.         0.         0.         0.        ]
 [0.         0.3899885  0.24832207 0.         0.         0.
  0.         0.         0.         0.        ]
 [0.         0.24832207 0.1581171  0.         0.         0.
  0.         0.         0.         0.        ]
 [0.         0.         0.         0.         0.         0.
  0.         0.         0.         0.        ]
 [0.         0.         0.         0.         0.         0.
  0.         0.         0.         0.        ]
 [0.         0.         0.         0.         0.         0.
  0.         0.         0.         0.        ]
 [0.         0.         0.         0.         0.         0.
  0.         0.         0.         0.        ]
 [0.         0.         0.         0.         0.         0.
  0.         0.         0.         0.        ]
 [0.         0.         0.         0.         0.         0.
  0.         0.         0.         0.        ]
 [0.         0.         0.         0.         0.         0.
  0.         0.         0.         0.        ]]
Eigenvalues: [0.       0.       0.       0.       0.       0.       0.       0.
 0.       0.548106]

--- Term 1 ---
Support (clique): [np.int64(2), np.int64(3)]
PSD term S_i:
[[0.         0.         0.         0.         0.         0.
  0.         0.         0.         0.        ]
 [0.         0.         0.         0.         0.         0.
  0.         0.         0.         0.        ]
 [0.         0.         0.06952947 0.10832164 0.         0.
  0.         0.         0.         0.        ]
 [0.         0.         0.10832164 0.16875691 0.         0.
  0.         0.         0.         0.        ]
 [0.         0.         0.         0.         0.         0.
  0.         0.         0.         0.        ]
 [0.         0.         0.         0.         0.         0.
  0.         0.         0.         0.        ]
 [0.         0.         0.         0.         0.         0.
  0.         0.         0.         0.        ]
 [0.         0.         0.         0.         0.         0.
  0.         0.         0.         0.        ]
 [0.         0.         0.         0.         0.         0.
  0.         0.         0.         0.        ]
 [0.         0.         0.         0.         0.         0.
  0.         0.         0.         0.        ]]
Eigenvalues: [0.       0.       0.       0.       0.       0.       0.       0.
 0.       0.238286]

--- Term 2 ---
Support (clique): [np.int64(3), np.int64(4)]
PSD term S_i:
[[0.         0.         0.         0.         0.         0.
  0.         0.         0.         0.        ]
 [0.         0.         0.         0.         0.         0.
  0.         0.         0.         0.        ]
 [0.         0.         0.         0.         0.         0.
  0.         0.         0.         0.        ]
 [0.         0.         0.         0.08403915 0.18117122 0.
  0.         0.         0.         0.        ]
 [0.         0.         0.         0.18117122 0.3905681  0.
  0.         0.         0.         0.        ]
 [0.         0.         0.         0.         0.         0.
  0.         0.         0.         0.        ]
 [0.         0.         0.         0.         0.         0.
  0.         0.         0.         0.        ]
 [0.         0.         0.         0.         0.         0.
  0.         0.         0.         0.        ]
 [0.         0.         0.         0.         0.         0.
  0.         0.         0.         0.        ]
 [0.         0.         0.         0.         0.         0.
  0.         0.         0.         0.        ]]
Eigenvalues: [0.       0.       0.       0.       0.       0.       0.       0.
 0.       0.474607]

--- Term 3 ---
Support (clique): [np.int64(4), np.int64(5)]
PSD term S_i:
[[0.         0.         0.         0.         0.         0.
  0.         0.         0.         0.        ]
 [0.         0.         0.         0.         0.         0.
  0.         0.         0.         0.        ]
 [0.         0.         0.         0.         0.         0.
  0.         0.         0.         0.        ]
 [0.         0.         0.         0.         0.         0.
  0.         0.         0.         0.        ]
 [0.         0.         0.         0.         0.18255146 0.2150996
  0.         0.         0.         0.        ]
 [0.         0.         0.         0.         0.2150996  0.25345094
  0.         0.         0.         0.        ]
 [0.         0.         0.         0.         0.         0.
  0.         0.         0.         0.        ]
 [0.         0.         0.         0.         0.         0.
  0.         0.         0.         0.        ]
 [0.         0.         0.         0.         0.         0.
  0.         0.         0.         0.        ]
 [0.         0.         0.         0.         0.         0.
  0.         0.         0.         0.        ]]
Eigenvalues: [0.       0.       0.       0.       0.       0.       0.       0.
 0.       0.436002]

--- Term 4 ---
Support (clique): [np.int64(5), np.int64(6)]
PSD term S_i:
[[0.         0.         0.         0.         0.         0.
  0.         0.         0.         0.        ]
 [0.         0.         0.         0.         0.         0.
  0.         0.         0.         0.        ]
 [0.         0.         0.         0.         0.         0.
  0.         0.         0.         0.        ]
 [0.         0.         0.         0.         0.         0.
  0.         0.         0.         0.        ]
 [0.         0.         0.         0.         0.         0.
  0.         0.         0.         0.        ]
 [0.         0.         0.         0.         0.         0.16361381
  0.1184604  0.         0.         0.        ]
 [0.         0.         0.         0.         0.         0.1184604
  0.08576823 0.         0.         0.        ]
 [0.         0.         0.         0.         0.         0.
  0.         0.         0.         0.        ]
 [0.         0.         0.         0.         0.         0.
  0.         0.         0.         0.        ]
 [0.         0.         0.         0.         0.         0.
  0.         0.         0.         0.        ]]
Eigenvalues: [0.       0.       0.       0.       0.       0.       0.       0.
 0.       0.249382]

--- Term 5 ---
Support (clique): [np.int64(6), np.int64(7)]
PSD term S_i:
[[0.         0.         0.         0.         0.         0.
  0.         0.         0.         0.        ]
 [0.         0.         0.         0.         0.         0.
  0.         0.         0.         0.        ]
 [0.         0.         0.         0.         0.         0.
  0.         0.         0.         0.        ]
 [0.         0.         0.         0.         0.         0.
  0.         0.         0.         0.        ]
 [0.         0.         0.         0.         0.         0.
  0.         0.         0.         0.        ]
 [0.         0.         0.         0.         0.         0.
  0.         0.         0.         0.        ]
 [0.         0.         0.         0.         0.         0.
  0.10404733 0.1235888  0.         0.        ]
 [0.         0.         0.         0.         0.         0.
  0.1235888  0.14680043 0.         0.        ]
 [0.         0.         0.         0.         0.         0.
  0.         0.         0.         0.        ]
 [0.         0.         0.         0.         0.         0.
  0.         0.         0.         0.        ]]
Eigenvalues: [0.       0.       0.       0.       0.       0.       0.       0.
 0.       0.250848]

--- Term 6 ---
Support (clique): [np.int64(7), np.int64(8)]
PSD term S_i:
[[0.         0.         0.         0.         0.         0.
  0.         0.         0.         0.        ]
 [0.         0.         0.         0.         0.         0.
  0.         0.         0.         0.        ]
 [0.         0.         0.         0.         0.         0.
  0.         0.         0.         0.        ]
 [0.         0.         0.         0.         0.         0.
  0.         0.         0.         0.        ]
 [0.         0.         0.         0.         0.         0.
  0.         0.         0.         0.        ]
 [0.         0.         0.         0.         0.         0.
  0.         0.         0.         0.        ]
 [0.         0.         0.         0.         0.         0.
  0.         0.         0.         0.        ]
 [0.         0.         0.         0.         0.         0.
  0.         0.28085715 0.241636   0.        ]
 [0.         0.         0.         0.         0.         0.
  0.         0.241636   0.20789201 0.        ]
 [0.         0.         0.         0.         0.         0.
  0.         0.         0.         0.        ]]
Eigenvalues: [-0.        0.        0.        0.        0.        0.        0.
  0.        0.        0.488749]

--- Term 7 ---
Support (clique): [np.int64(8), np.int64(9)]
PSD term S_i:
[[0.         0.         0.         0.         0.         0.
  0.         0.         0.         0.        ]
 [0.         0.         0.         0.         0.         0.
  0.         0.         0.         0.        ]
 [0.         0.         0.         0.         0.         0.
  0.         0.         0.         0.        ]
 [0.         0.         0.         0.         0.         0.
  0.         0.         0.         0.        ]
 [0.         0.         0.         0.         0.         0.
  0.         0.         0.         0.        ]
 [0.         0.         0.         0.         0.         0.
  0.         0.         0.         0.        ]
 [0.         0.         0.         0.         0.         0.
  0.         0.         0.         0.        ]
 [0.         0.         0.         0.         0.         0.
  0.         0.         0.         0.        ]
 [0.         0.         0.         0.         0.         0.
  0.         0.         0.03219117 0.0664146 ]
 [0.         0.         0.         0.         0.         0.
  0.         0.         0.0664146  0.137022  ]]
Eigenvalues: [-0.        0.        0.        0.        0.        0.        0.
  0.        0.        0.169213]

--- Term 8 ---
Support (clique): [np.int64(9)]
PSD term S_i:
[[0.         0.         0.         0.         0.         0.
  0.         0.         0.         0.        ]
 [0.         0.         0.         0.         0.         0.
  0.         0.         0.         0.        ]
 [0.         0.         0.         0.         0.         0.
  0.         0.         0.         0.        ]
 [0.         0.         0.         0.         0.         0.
  0.         0.         0.         0.        ]
 [0.         0.         0.         0.         0.         0.
  0.         0.         0.         0.        ]
 [0.         0.         0.         0.         0.         0.
  0.         0.         0.         0.        ]
 [0.         0.         0.         0.         0.         0.
  0.         0.         0.         0.        ]
 [0.         0.         0.         0.         0.         0.
  0.         0.         0.         0.        ]
 [0.         0.         0.         0.         0.         0.
  0.         0.         0.         0.        ]
 [0.         0.         0.         0.         0.         0.
  0.         0.         0.         0.12777771]]
Eigenvalues: [0.       0.       0.       0.       0.       0.       0.       0.
 0.       0.127778]

--- Term 9 ---
Support (clique): []
PSD term S_i:
[[0. 0. 0. 0. 0. 0. 0. 0. 0. 0.]
 [0. 0. 0. 0. 0. 0. 0. 0. 0. 0.]
 [0. 0. 0. 0. 0. 0. 0. 0. 0. 0.]
 [0. 0. 0. 0. 0. 0. 0. 0. 0. 0.]
 [0. 0. 0. 0. 0. 0. 0. 0. 0. 0.]
 [0. 0. 0. 0. 0. 0. 0. 0. 0. 0.]
 [0. 0. 0. 0. 0. 0. 0. 0. 0. 0.]
 [0. 0. 0. 0. 0. 0. 0. 0. 0. 0.]
 [0. 0. 0. 0. 0. 0. 0. 0. 0. 0.]
 [0. 0. 0. 0. 0. 0. 0. 0. 0. 0.]]
Eigenvalues: [0. 0. 0. 0. 0. 0. 0. 0. 0. 0.]

--- Reconstruction check ---
Sum of terms:
[[0.         0.         0.         0.         0.         0.
  0.         0.         0.         0.        ]
 [0.         0.3899885  0.24832207 0.         0.         0.
  0.         0.         0.         0.        ]
 [0.         0.24832207 0.22764656 0.10832164 0.         0.
  0.         0.         0.         0.        ]
 [0.         0.         0.10832164 0.25279605 0.18117122 0.
  0.         0.         0.         0.        ]
 [0.         0.         0.         0.18117122 0.57311956 0.2150996
  0.         0.         0.         0.        ]
 [0.         0.         0.         0.         0.2150996  0.41706475
  0.1184604  0.         0.         0.        ]
 [0.         0.         0.         0.         0.         0.1184604
  0.18981555 0.1235888  0.         0.        ]
 [0.         0.         0.         0.         0.         0.
  0.1235888  0.42765758 0.241636   0.        ]
 [0.         0.         0.         0.         0.         0.
  0.         0.241636   0.24008318 0.0664146 ]
 [0.         0.         0.         0.         0.         0.
  0.         0.         0.0664146  0.26479971]]
||A - sum S_i|| = 16.988053646542337
None
