
--- Term 0 ---
Support (clique): [np.int64(1), np.int64(2)]
PSD term S_i:
[[0.         0.         0.         0.         0.         0.
  0.         0.         0.         0.        ]
 [0.         0.15686303 0.28695108 0.         0.         0.
  0.         0.         0.         0.        ]
 [0.         0.28695108 0.52492242 0.         0.         0.
  0.         0.         0.         0.        ]
 [0.         0.         0.         0.         0.         0.
  0.         0.         0.         0.        ]
 [0.         0.         0.         0.         0.         0.
  0.         0.         0.         0.        ]
 [0.         0.         0.         0.         0.         0.
  0.         0.         0.         0.        ]
 [0.         0.         0.         0.         0.         0.
  0.         0.         0.         0.        ]
 [0.         0.         0.         0.         0.         0.
  0.         0.         0.         0.        ]
 [0.         0.         0.         0.         0.         0.
  0.         0.         0.         0.        ]
 [0.         0.         0.         0.         0.         0.
  0.         0.         0.         0.        ]]
Eigenvalues: [-0.        0.        0.        0.        0.        0.        0.
  0.        0.        0.681785]

--- Term 1 ---
Support (clique): [np.int64(2), np.int64(3)]
PSD term S_i:
[[0.         0.         0.         0.         0.         0.
  0.         0.         0.         0.        ]
 [0.         0.         0.         0.         0.         0.
  0.         0.         0.         0.        ]
 [0.         0.         0.05738239 0.12764746 0.         0.
  0.         0.         0.         0.        ]
 [0.         0.         0.12764746 0.28395254 0.         0.
  0.         0.         0.         0.        ]
 [0.         0.         0.         0.         0.         0.
  0.         0.         0.         0.        ]
 [0.         0.         0.         0.         0.         0.
  0.         0.         0.         0.        ]
 [0.         0.         0.         0.         0.         0.
  0.         0.         0.         0.        ]
 [0.         0.         0.         0.         0.         0.
  0.         0.         0.         0.        ]
 [0.         0.         0.         0.         0.         0.
  0.         0.         0.         0.        ]
 [0.         0.         0.         0.         0.         0.
  0.         0.         0.         0.        ]]
Eigenvalues: [0.       0.       0.       0.       0.       0.       0.       0.
 0.       0.341335]

--- Term 2 ---
Support (clique): [np.int64(3), np.int64(4)]
PSD term S_i:
[[0.         0.         0.         0.         0.         0.
  0.         0.         0.         0.        ]
 [0.         0.         0.         0.         0.         0.
  0.         0.         0.         0.        ]
 [0.         0.         0.         0.         0.         0.
  0.         0.         0.         0.        ]
 [0.         0.         0.         0.15564433 0.17746391 0.
  0.         0.         0.         0.        ]
 [0.         0.         0.         0.17746391 0.20234234 0.
  0.         0.         0.         0.        ]
 [0.         0.         0.         0.         0.         0.
  0.         0.         0.         0.        ]
 [0.         0.         0.         0.         0.         0.
  0.         0.         0.         0.        ]
 [0.         0.         0.         0.         0.         0.
  0.         0.         0.         0.        ]
 [0.         0.         0.         0.         0.         0.
  0.         0.         0.         0.        ]
 [0.         0.         0.         0.         0.         0.
  0.         0.         0.         0.        ]]
Eigenvalues: [0.       0.       0.       0.       0.       0.       0.       0.
 0.       0.357987]

--- Term 3 ---
Support (clique): [np.int64(4), np.int64(5)]
PSD term S_i:
[[0.         0.         0.         0.         0.         0.
  0.         0.         0.         0.        ]
 [0.         0.         0.         0.         0.         0.
  0.         0.         0.         0.        ]
 [0.         0.         0.         0.         0.         0.
  0.         0.         0.         0.        ]
 [0.         0.         0.         0.         0.         0.
  0.         0.         0.         0.        ]
 [0.         0.         0.         0.         0.29368395 0.13930134
  0.         0.         0.         0.        ]
 [0.         0.         0.         0.         0.13930134 0.06607397
  0.         0.         0.         0.        ]
 [0.         0.         0.         0.         0.         0.
  0.         0.         0.         0.        ]
 [0.         0.         0.         0.         0.         0.
  0.         0.         0.         0.        ]
 [0.         0.         0.         0.         0.         0.
  0.         0.         0.         0.        ]
 [0.         0.         0.         0.         0.         0.
  0.         0.         0.         0.        ]]
Eigenvalues: [0.       0.       0.       0.       0.       0.       0.       0.
 0.       0.359758]

--- Term 4 ---
Support (clique): [np.int64(5), np.int64(6)]
PSD term S_i:
[[0.         0.         0.         0.         0.         0.
  0.         0.         0.         0.        ]
 [0.         0.         0.         0.         0.         0.
  0.         0.         0.         0.        ]
 [0.         0.         0.         0.         0.         0.
  0.         0.         0.         0.        ]
 [0.         0.         0.         0.         0.         0.
  0.         0.         0.         0.        ]
 [0.         0.         0.         0.         0.         0.
  0.         0.         0.         0.        ]
 [0.         0.         0.         0.         0.         0.09966072
  0.09671167 0.         0.         0.        ]
 [0.         0.         0.         0.         0.         0.09671167
  0.09384987 0.         0.         0.        ]
 [0.         0.         0.         0.         0.         0.
  0.         0.         0.         0.        ]
 [0.         0.         0.         0.         0.         0.
  0.         0.         0.         0.        ]
 [0.         0.         0.         0.         0.         0.
  0.         0.         0.         0.        ]]
Eigenvalues: [0.       0.       0.       0.       0.       0.       0.       0.
 0.       0.193511]

--- Term 5 ---
Support (clique): [np.int64(6), np.int64(7)]
PSD term S_i:
[[0.         0.         0.         0.         0.         0.
  0.         0.         0.         0.        ]
 [0.         0.         0.         0.         0.         0.
  0.         0.         0.         0.        ]
 [0.         0.         0.         0.         0.         0.
  0.         0.         0.         0.        ]
 [0.         0.         0.         0.         0.         0.
  0.         0.         0.         0.        ]
 [0.         0.         0.         0.         0.         0.
  0.         0.         0.         0.        ]
 [0.         0.         0.         0.         0.         0.
  0.         0.         0.         0.        ]
 [0.         0.         0.         0.         0.         0.
  0.25358587 0.1562437  0.         0.        ]
 [0.         0.         0.         0.         0.         0.
  0.1562437  0.09626757 0.         0.        ]
 [0.         0.         0.         0.         0.         0.
  0.         0.         0.         0.        ]
 [0.         0.         0.         0.         0.         0.
  0.         0.         0.         0.        ]]
Eigenvalues: [-0.        0.        0.        0.        0.        0.        0.
  0.        0.        0.349853]

--- Term 6 ---
Support (clique): [np.int64(7), np.int64(8)]
PSD term S_i:
[[0.         0.         0.         0.         0.         0.
  0.         0.         0.         0.        ]
 [0.         0.         0.         0.         0.         0.
  0.         0.         0.         0.        ]
 [0.         0.         0.         0.         0.         0.
  0.         0.         0.         0.        ]
 [0.         0.         0.         0.         0.         0.
  0.         0.         0.         0.        ]
 [0.         0.         0.         0.         0.         0.
  0.         0.         0.         0.        ]
 [0.         0.         0.         0.         0.         0.
  0.         0.         0.         0.        ]
 [0.         0.         0.         0.         0.         0.
  0.         0.         0.         0.        ]
 [0.         0.         0.         0.         0.         0.
  0.         0.24221959 0.2808987  0.        ]
 [0.         0.         0.         0.         0.         0.
  0.         0.2808987  0.32575433 0.        ]
 [0.         0.         0.         0.         0.         0.
  0.         0.         0.         0.        ]]
Eigenvalues: [0.       0.       0.       0.       0.       0.       0.       0.
 0.       0.567974]

--- Term 7 ---
Support (clique): [np.int64(8), np.int64(9)]
PSD term S_i:
[[0.         0.         0.         0.         0.         0.
  0.         0.         0.         0.        ]
 [0.         0.         0.         0.         0.         0.
  0.         0.         0.         0.        ]
 [0.         0.         0.         0.         0.         0.
  0.         0.         0.         0.        ]
 [0.         0.         0.         0.         0.         0.
  0.         0.         0.         0.        ]
 [0.         0.         0.         0.         0.         0.
  0.         0.         0.         0.        ]
 [0.         0.         0.         0.         0.         0.
  0.         0.         0.         0.        ]
 [0.         0.         0.         0.         0.         0.
  0.         0.         0.         0.        ]
 [0.         0.         0.         0.         0.         0.
  0.         0.         0.         0.        ]
 [0.         0.         0.         0.         0.         0.
  0.         0.         0.12196308 0.08888639]
 [0.         0.         0.         0.         0.         0.
  0.         0.         0.08888639 0.06478018]]
Eigenvalues: [0.       0.       0.       0.       0.       0.       0.       0.
 0.       0.186743]

--- Term 8 ---
Support (clique): [np.int64(9)]
PSD term S_i:
[[0.         0.         0.         0.         0.         0.
  0.         0.         0.         0.        ]
 [0.         0.         0.         0.         0.         0.
  0.         0.         0.         0.        ]
 [0.         0.         0.         0.         0.         0.
  0.         0.         0.         0.        ]
 [0.         0.         0.         0.         0.         0.
  0.         0.         0.         0.        ]
 [0.         0.         0.         0.         0.         0.
  0.         0.         0.         0.        ]
 [0.         0.         0.         0.         0.         0.
  0.         0.         0.         0.        ]
 [0.         0.         0.         0.         0.         0.
  0.         0.         0.         0.        ]
 [0.         0.         0.         0.         0.         0.
  0.         0.         0.         0.        ]
 [0.         0.         0.         0.         0.         0.
  0.         0.         0.         0.        ]
 [0.         0.         0.         0.         0.         0.
  0.         0.         0.         0.11464613]]
Eigenvalues: [0.       0.       0.       0.       0.       0.       0.       0.
 0.       0.114646]

--- Term 9 ---
Support (clique): []
PSD term S_i:
[[0. 0. 0. 0. 0. 0. 0. 0. 0. 0.]
 [0. 0. 0. 0. 0. 0. 0. 0. 0. 0.]
 [0. 0. 0. 0. 0. 0. 0. 0. 0. 0.]
 [0. 0. 0. 0. 0. 0. 0. 0. 0. 0.]
 [0. 0. 0. 0. 0. 0. 0. 0. 0. 0.]
 [0. 0. 0. 0. 0. 0. 0. 0. 0. 0.]
 [0. 0. 0. 0. 0. 0. 0. 0. 0. 0.]
 [0. 0. 0. 0. 0. 0. 0. 0. 0. 0.]
 [0. 0. 0. 0. 0. 0. 0. 0. 0. 0.]
 [0. 0. 0. 0. 0. 0. 0. 0. 0. 0.]]
Eigenvalues: [0. 0. 0. 0. 0. 0. 0. 0. 0. 0.]

--- Reconstruction check ---
Sum of terms:
[[0.         0.         0.         0.         0.         0.
  0.         0.         0.         0.        ]
 [0.         0.15686303 0.28695108 0.         0.         0.
  0.         0.         0.         0.        ]
 [0.         0.28695108 0.58230481 0.12764746 0.         0.
  0.         0.         0.         0.        ]
 [0.         0.         0.12764746 0.43959687 0.17746391 0.
  0.         0.         0.         0.        ]
 [0.         0.         0.         0.17746391 0.49602629 0.13930134
  0.         0.         0.         0.        ]
 [0.         0.         0.         0.         0.13930134 0.16573469
  0.09671167 0.         0.         0.        ]
 [0.         0.         0.         0.         0.         0.09671167
  0.34743574 0.1562437  0.         0.        ]
 [0.         0.         0.         0.         0.         0.
  0.1562437  0.33848716 0.2808987  0.        ]
 [0.         0.         0.         0.         0.         0.
  0.         0.2808987  0.44771741 0.08888639]
 [0.         0.         0.         0.         0.         0.
  0.         0.         0.08888639 0.17942631]]
||A - sum S_i|| = 17.533979578108813
None
